#LO and NLO cross sections (in pb) for resonant slepton production
#-----------------------------------------------------------------------------------------------------------------
#sqrt(s): center-of-mass energy (in GeV)
#p1:      first initial quark (= 1,2,3,4,5,6 for u,d,s,c,b,t; - = anti-particle)
#p2:      second initial quark (= 1,2,3,4,5,6 for u,d,s,c,b,t; - = anti-particle)
#mS:      mass of the slepton (in GeV)
#Mlr:     left-right-mixing of the slepton (1.0 is purely lefthanded)
#lambda:  LQD coupling constant
#LO:      leading-order cross section (in pb)
#NLO:     next-to-leading-order cross section (in pb)
#k:       scaling factor, i.e. the ratio NLO / LO
#-----------------------------------------------------------------------------------------------------------------
#conjugated process (i.e. p1 -> -p1, p2 -> -p2): 
#-----------------------------------------------------------------------------------------------------------------
#LO*:     leading-order cross section (in pb)
#NLO*:    next-to-leading-order cross section (in pb)
#k*:      scaling factor, i.e. the ratio NLO / LO
#-----------------------------------------------------------------------------------------------------------------
#slepton / sneutrino production process: 
#----------------------------------------------------------------------------------------------------------------------------------
# p1      p2    sqrt(s) mS       Mlr     lambda   LO         NLO       k          LO*        NLO*      k*         LO_total        NLO_total
#----------------------------------------------------------------------------------------------------------------------------------
 2       -1       7000  100.0   1.00    0.010   2.820259   3.803761   1.348728   4.611043   6.145336   1.332743   7.431302   9.949097
 2       2       7000  100.0   1.00    0.010   2.983375   4.032225  1.351565   2.983375   4.032225  1.351565   5.966750   8.064450
 2       -1       7000  105.0   1.00    0.010   2.424432   3.277263   1.351765   3.988313   5.327212   1.335706   6.412745   8.604475
 2       2       7000  105.0   1.00    0.010   2.567601   3.478538  1.354782   2.567601   3.478538  1.354782   5.135201   6.957076
 2       -1       7000  110.0   1.00    0.010   2.097078   2.840998   1.354741   3.470669   4.645555   1.338519   5.567747   7.486553
 2       2       7000  110.0   1.00    0.010   2.223456   3.019063  1.357824   2.223456   3.019063  1.357824   4.446912   6.038126
 2       -1       7000  115.0   1.00    0.010   1.824273   2.476402   1.357473   3.037024   4.073133   1.341159   4.861298   6.549534
 2       2       7000  115.0   1.00    0.010   1.936492   2.634865  1.360638   1.936492   2.634865  1.360638   3.872985   5.269729
 2       -1       7000  120.0   1.00    0.010   1.595311   2.169694   1.360044   2.671087   3.589200   1.343723   4.266398   5.758894
 2       2       7000  120.0   1.00    0.010   1.695407   2.311417  1.363340   1.695407   2.311417  1.363340   3.390814   4.622833
 2       -1       7000  125.0   1.00    0.010   1.401763   1.909868   1.362475   2.360290   3.177235   1.346121   3.762053   5.087102
 2       2       7000  125.0   1.00    0.010   1.491457   2.037116  1.365856   1.491457   2.037116  1.365856   2.982915   4.074232
 2       -1       7000  130.0   1.00    0.010   1.237188   1.688529   1.364812   2.094730   2.824518   1.348392   3.331918   4.513047
 2       2       7000  130.0   1.00    0.010   1.317908   1.803244  1.368263   1.317908   1.803244  1.368263   2.635816   3.606488
 2       -1       7000  135.0   1.00    0.010   1.096459   1.498864   1.367004   1.866544   2.520954   1.350600   2.963003   4.019818
 2       2       7000  135.0   1.00    0.010   1.169387   1.602661  1.370514   1.169387   1.602661  1.370514   2.338775   3.205323
 2       -1       7000  140.0   1.00    0.010   0.975495   1.335514   1.369062   1.669445   2.258302   1.352727   2.644940   3.593816
 2       2       7000  140.0   1.00    0.010   1.041604   1.429763  1.372656   1.041604   1.429763  1.372656   2.083207   2.859527
 2       -1       7000  145.0   1.00    0.010   0.871014   1.194136   1.370973   1.498393   2.029897   1.354716   2.369406   3.224033
 2       2       7000  145.0   1.00    0.010   0.931145   1.280011  1.374663   0.931145   1.280011  1.374663   1.862290   2.560021
 2       -1       7000  150.0   1.00    0.010   0.780316   1.071233   1.372820   1.349287   1.830457   1.356611   2.129602   2.901689
 2       2       7000  150.0   1.00    0.010   0.835182   1.149695  1.376580   0.835182   1.149695  1.376580   1.670364   2.299390
 2       -1       7000  155.0   1.00    0.010   0.701261   0.963929   1.374566   1.218740   1.655593   1.358446   1.920001   2.619523
 2       2       7000  155.0   1.00    0.010   0.751479   1.035810  1.378362   0.751479   1.035810  1.378362   1.502958   2.071620
 2       -1       7000  160.0   1.00    0.010   0.632083   0.869843   1.376153   1.103987   1.501629   1.360187   1.736070   2.371472
 2       2       7000  160.0   1.00    0.010   0.678158   0.935896  1.380057   0.678158   0.935896  1.380057   1.356316   1.871793
 2       -1       7000  165.0   1.00    0.010   0.571309   0.787067   1.377656   1.002761   1.365577   1.361817   1.574070   2.152645
 2       2       7000  165.0   1.00    0.010   0.613694   0.847905  1.381641   0.613694   0.847905  1.381641   1.227388   1.695810
 2       -1       7000  170.0   1.00    0.010   0.517724   0.714006   1.379125   0.913140   1.244951   1.363373   1.430865   1.958957
 2       2       7000  170.0   1.00    0.010   0.556814   0.770146  1.383130   0.556814   0.770146  1.383130   1.113628   1.540292
 2       -1       7000  175.0   1.00    0.010   0.470336   0.649285   1.380470   0.833540   1.137698   1.364899   1.303876   1.786983
 2       2       7000  175.0   1.00    0.010   0.506463   0.701218  1.384539   0.506463   0.701218  1.384539   1.012926   1.402436
 2       -1       7000  180.0   1.00    0.010   0.428280   0.591776   1.381749   0.762616   1.041968   1.366308   1.190896   1.633744
 2       2       7000  180.0   1.00    0.010   0.461753   0.639922  1.385855   0.461753   0.639922  1.385855   0.923505   1.279844
 2       -1       7000  185.0   1.00    0.010   0.390847   0.540535   1.382985   0.699229   0.956308   1.367662   1.090075   1.496843
 2       2       7000  185.0   1.00    0.010   0.421919   0.585241  1.387094   0.421919   0.585241  1.387094   0.843837   1.170481
 2       -1       7000  190.0   1.00    0.010   0.357450   0.494741   1.384086   0.642427   0.879447   1.368943   0.999877   1.374188
 2       2       7000  190.0   1.00    0.010   0.386346   0.536324  1.388194   0.386346   0.536324  1.388194   0.772693   1.072648
 2       -1       7000  195.0   1.00    0.010   0.327549   0.453705   1.385151   0.591377   0.810283   1.370163   0.918926   1.263988
 2       2       7000  195.0   1.00    0.010   0.354474   0.492459  1.389269   0.354474   0.492459  1.389269   0.708947   0.984918
 2       -1       7000  200.0   1.00    0.010   0.300719   0.416835   1.386126   0.545394   0.747918   1.371336   0.846113   1.164753
 2       2       7000  200.0   1.00    0.010   0.325847   0.453014  1.390264   0.325847   0.453014  1.390264   0.651694   0.906027
 2       -1       7000  205.0   1.00    0.010   0.276582   0.383647   1.387097   0.503874   0.691545   1.372455   0.780456   1.075191
 2       2       7000  205.0   1.00    0.010   0.300073   0.417473  1.391235   0.300073   0.417473  1.391235   0.600147   0.834945
 2       -1       7000  210.0   1.00    0.010   0.254825   0.353690   1.387974   0.466294   0.640484   1.373561   0.721119   0.994174
 2       2       7000  210.0   1.00    0.010   0.276820   0.385366  1.392115   0.276820   0.385366  1.392115   0.553640   0.770731
 2       -1       7000  215.0   1.00    0.010   0.235167   0.326600   1.388799   0.432235   0.594108   1.374503   0.667402   0.920708
 2       2       7000  215.0   1.00    0.010   0.255790   0.356300  1.392940   0.255790   0.356300  1.392940   0.511579   0.712599
 2       -1       7000  220.0   1.00    0.010   0.217370   0.302040   1.389521   0.401267   0.551903   1.375402   0.618637   0.853944
 2       2       7000  220.0   1.00    0.010   0.236736   0.329924  1.393640   0.236736   0.329924  1.393640   0.473472   0.659849
 2       -1       7000  225.0   1.00    0.010   0.201218   0.279737   1.390217   0.373063   0.513429   1.376254   0.574281   0.793166
 2       2       7000  225.0   1.00    0.010   0.219426   0.305945  1.394292   0.219426   0.305945  1.394292   0.438853   0.611889
 2       -1       7000  230.0   1.00    0.010   0.186535   0.259442   1.390846   0.347320   0.478284   1.377069   0.533855   0.737725
 2       2       7000  230.0   1.00    0.010   0.203677   0.284110  1.394908   0.203677   0.284110  1.394908   0.407353   0.568220
 2       -1       7000  235.0   1.00    0.010   0.173157   0.240944   1.391482   0.323782   0.446136   1.377890   0.496939   0.687081
 2       2       7000  235.0   1.00    0.010   0.189321   0.264193  1.395478   0.189321   0.264193  1.395478   0.378641   0.528386
 2       -1       7000  240.0   1.00    0.010   0.160958   0.224053   1.391997   0.302241   0.416670   1.378600   0.463199   0.640723
 2       2       7000  240.0   1.00    0.010   0.176210   0.245986  1.395981   0.176210   0.245986  1.395981   0.352421   0.491973
 2       -1       7000  245.0   1.00    0.010   0.149807   0.208606   1.392501   0.282481   0.389626   1.379300   0.432288   0.598232
 2       2       7000  245.0   1.00    0.010   0.164217   0.229312  1.396401   0.164217   0.229312  1.396401   0.328433   0.458625
 2       -1       7000  250.0   1.00    0.010   0.139598   0.194449   1.392924   0.264328   0.364752   1.379923   0.403926   0.559202
 2       2       7000  250.0   1.00    0.010   0.153228   0.214024  1.396767   0.153228   0.214024  1.396767   0.306456   0.428048
 2       -1       7000  255.0   1.00    0.010   0.130235   0.181461   1.393331   0.247629   0.341845   1.380472   0.377864   0.523306
 2       2       7000  255.0   1.00    0.010   0.143138   0.199987  1.397163   0.143138   0.199987  1.397163   0.286275   0.399973
 2       -1       7000  260.0   1.00    0.010   0.121638   0.169531   1.393730   0.232232   0.320718   1.381023   0.353870   0.490248
 2       2       7000  260.0   1.00    0.010   0.133868   0.187074  1.397453   0.133868   0.187074  1.397453   0.267736   0.374149
 2       -1       7000  265.0   1.00    0.010   0.113733   0.158551   1.394064   0.218024   0.301203   1.381515   0.331757   0.459755
 2       2       7000  265.0   1.00    0.010   0.125335   0.175181  1.397704   0.125335   0.175181  1.397704   0.250670   0.350362
 2       -1       7000  270.0   1.00    0.010   0.106453   0.148436   1.394377   0.204892   0.283159   1.381992   0.311345   0.431595
 2       2       7000  270.0   1.00    0.010   0.117472   0.164211  1.397879   0.117472   0.164211  1.397879   0.234944   0.328423
 2       -1       7000  275.0   1.00    0.010   0.099742   0.139099   1.394587   0.192741   0.266446   1.382405   0.292483   0.405545
 2       2       7000  275.0   1.00    0.010   0.110211   0.154078  1.398022   0.110211   0.154078  1.398022   0.220423   0.308156
 2       -1       7000  280.0   1.00    0.010   0.093543   0.130473   1.394795   0.181486   0.250955   1.382779   0.275028   0.381428
 2       2       7000  280.0   1.00    0.010   0.103499   0.144706  1.398134   0.103499   0.144706  1.398134   0.206998   0.289411
 2       -1       7000  285.0   1.00    0.010   0.087810   0.122493   1.394977   0.171045   0.236576   1.383123   0.258855   0.359069
 2       2       7000  285.0   1.00    0.010   0.097287   0.136031  1.398245   0.097287   0.136031  1.398245   0.194574   0.272063
 2       -1       7000  290.0   1.00    0.010   0.082503   0.115105   1.395151   0.161348   0.223215   1.383440   0.243851   0.338319
 2       2       7000  290.0   1.00    0.010   0.091530   0.127989  1.398334   0.091530   0.127989  1.398334   0.183059   0.255978
 2       -1       7000  295.0   1.00    0.010   0.077584   0.108254   1.395320   0.152330   0.210784   1.383731   0.229914   0.319038
 2       2       7000  295.0   1.00    0.010   0.086192   0.120525  1.398328   0.086192   0.120525  1.398328   0.172384   0.241050
 2       -1       7000  300.0   1.00    0.010   0.073022   0.101897   1.395419   0.143939   0.199202   1.383940   0.216961   0.301099
 2       2       7000  300.0   1.00    0.010   0.081234   0.113590  1.398296   0.081234   0.113590  1.398296   0.162469   0.227180
 2       -1       7000  305.0   1.00    0.010   0.068785   0.095987   1.395456   0.136114   0.188402   1.384147   0.204899   0.284389
 2       2       7000  305.0   1.00    0.010   0.076627   0.107138  1.398180   0.076627   0.107138  1.398180   0.153254   0.214276
 2       -1       7000  310.0   1.00    0.010   0.064847   0.090490   1.395427   0.128816   0.178318   1.384287   0.193663   0.268808
 2       2       7000  310.0   1.00    0.010   0.072336   0.101130  1.398058   0.072336   0.101130  1.398058   0.144672   0.202260
 2       -1       7000  315.0   1.00    0.010   0.061180   0.085371   1.395400   0.121999   0.168895   1.384400   0.183179   0.254266
 2       2       7000  315.0   1.00    0.010   0.068338   0.095531  1.397929   0.068338   0.095531  1.397929   0.136675   0.191062
 2       -1       7000  320.0   1.00    0.010   0.057762   0.080601   1.395396   0.115625   0.160088   1.384550   0.173387   0.240689
 2       2       7000  320.0   1.00    0.010   0.064609   0.090308  1.397762   0.064609   0.090308  1.397762   0.129217   0.180615
 2       -1       7000  325.0   1.00    0.010   0.054575   0.076152   1.395357   0.109662   0.151843   1.384643   0.164237   0.227995
 2       2       7000  325.0   1.00    0.010   0.061129   0.085429  1.397539   0.061129   0.085429  1.397539   0.122257   0.170859
 2       -1       7000  330.0   1.00    0.010   0.051599   0.071997   1.395308   0.104080   0.144118   1.384691   0.155679   0.216115
 2       2       7000  330.0   1.00    0.010   0.057876   0.080870  1.397302   0.057876   0.080870  1.397302   0.115752   0.161741
 2       -1       7000  335.0   1.00    0.010   0.048820   0.068115   1.395226   0.098847   0.136876   1.384727   0.147667   0.204990
 2       2       7000  335.0   1.00    0.010   0.054835   0.076607  1.397048   0.054835   0.076607  1.397048   0.109669   0.153213
 2       -1       7000  340.0   1.00    0.010   0.046221   0.064483   1.395083   0.093938   0.130075   1.384691   0.140159   0.194558
 2       2       7000  340.0   1.00    0.010   0.051987   0.072613  1.396755   0.051987   0.072613  1.396755   0.103974   0.145227
 2       -1       7000  345.0   1.00    0.010   0.043789   0.061081   1.394917   0.089330   0.123687   1.384618   0.133118   0.184769
 2       2       7000  345.0   1.00    0.010   0.049319   0.068870  1.396417   0.049319   0.068870  1.396417   0.098638   0.137740
 2       -1       7000  350.0   1.00    0.010   0.041510   0.057896   1.394737   0.084998   0.117683   1.384528   0.126508   0.175578
 2       2       7000  350.0   1.00    0.010   0.046817   0.065359  1.396054   0.046817   0.065359  1.396054   0.093634   0.130719
 2       -1       7000  355.0   1.00    0.010   0.039373   0.054908   1.394534   0.080924   0.112033   1.384431   0.120297   0.166941
 2       2       7000  355.0   1.00    0.010   0.044469   0.062064  1.395666   0.044469   0.062064  1.395666   0.088938   0.124127
 2       -1       7000  360.0   1.00    0.010   0.037369   0.052104   1.394330   0.077089   0.106717   1.384342   0.114457   0.158822
 2       2       7000  360.0   1.00    0.010   0.042264   0.058969  1.395256   0.042264   0.058969  1.395256   0.084527   0.117937
 2       -1       7000  365.0   1.00    0.010   0.035486   0.049472   1.394103   0.073476   0.101706   1.384206   0.108963   0.151178
 2       2       7000  365.0   1.00    0.010   0.040191   0.056059  1.394818   0.040191   0.056059  1.394818   0.080382   0.112118
 2       -1       7000  370.0   1.00    0.010   0.033718   0.046998   1.393845   0.070072   0.096981   1.384028   0.103790   0.143979
 2       2       7000  370.0   1.00    0.010   0.038241   0.053323  1.394400   0.038241   0.053323  1.394400   0.076482   0.106647
 2       -1       7000  375.0   1.00    0.010   0.032055   0.044671   1.393563   0.066860   0.092523   1.383834   0.098915   0.137194
 2       2       7000  375.0   1.00    0.010   0.036406   0.050746  1.393886   0.036406   0.050746  1.393886   0.072812   0.101492
 2       -1       7000  380.0   1.00    0.010   0.030490   0.042481   1.393263   0.063828   0.088313   1.383615   0.094318   0.130794
 2       2       7000  380.0   1.00    0.010   0.034677   0.048318  1.393381   0.034677   0.048318  1.393381   0.069354   0.096636
 2       -1       7000  385.0   1.00    0.010   0.029016   0.040418   1.392944   0.060964   0.084335   1.383365   0.089980   0.124754
 2       2       7000  385.0   1.00    0.010   0.033047   0.046029  1.392854   0.033047   0.046029  1.392854   0.066094   0.092059
 2       -1       7000  390.0   1.00    0.010   0.027628   0.038475   1.392613   0.058257   0.080576   1.383114   0.085884   0.119050
 2       2       7000  390.0   1.00    0.010   0.031509   0.043870  1.392316   0.031509   0.043870  1.392316   0.063017   0.087740
 2       -1       7000  395.0   1.00    0.010   0.026318   0.036641   1.392252   0.055696   0.077019   1.382837   0.082014   0.113660
 2       2       7000  395.0   1.00    0.010   0.030057   0.041833  1.391756   0.030057   0.041833  1.391756   0.060115   0.083665
 2       -1       7000  400.0   1.00    0.010   0.025083   0.034912   1.391893   0.053273   0.073652   1.382550   0.078355   0.108565
 2       2       7000  400.0   1.00    0.010   0.028687   0.039907  1.391154   0.028687   0.039907  1.391154   0.057373   0.079815
 2       -1       7000  405.0   1.00    0.010   0.023916   0.033280   1.391522   0.050978   0.070463   1.382228   0.074894   0.103743
 2       2       7000  405.0   1.00    0.010   0.027391   0.038089  1.390562   0.027391   0.038089  1.390562   0.054782   0.076177
 2       -1       7000  410.0   1.00    0.010   0.022815   0.031738   1.391115   0.048804   0.067442   1.381878   0.071619   0.099179
 2       2       7000  410.0   1.00    0.010   0.026166   0.036368  1.389919   0.026166   0.036368  1.389919   0.052332   0.072737
 2       -1       7000  415.0   1.00    0.010   0.021773   0.030281   1.390727   0.046743   0.064576   1.381508   0.068516   0.094856
 2       2       7000  415.0   1.00    0.010   0.025007   0.034741  1.389279   0.025007   0.034741  1.389279   0.050013   0.069482
 2       -1       7000  420.0   1.00    0.010   0.020789   0.028902   1.390294   0.044787   0.061856   1.381105   0.065576   0.090758
 2       2       7000  420.0   1.00    0.010   0.023909   0.033200  1.388602   0.023909   0.033200  1.388602   0.047818   0.066400
 2       -1       7000  425.0   1.00    0.010   0.019857   0.027598   1.389845   0.042931   0.059275   1.380709   0.062788   0.086873
 2       2       7000  425.0   1.00    0.010   0.022869   0.031740  1.387897   0.022869   0.031740  1.387897   0.045738   0.063480
 2       -1       7000  430.0   1.00    0.010   0.018974   0.026363   1.389394   0.041167   0.056823   1.380288   0.060142   0.083186
 2       2       7000  430.0   1.00    0.010   0.021883   0.030357  1.387211   0.021883   0.030357  1.387211   0.043766   0.060713
 2       -1       7000  435.0   1.00    0.010   0.018138   0.025192   1.388912   0.039492   0.054493   1.379866   0.057630   0.079686
 2       2       7000  435.0   1.00    0.010   0.020948   0.029045  1.386508   0.020948   0.029045  1.386508   0.041896   0.058090
 2       -1       7000  440.0   1.00    0.010   0.017346   0.024084   1.388446   0.037899   0.052279   1.379416   0.055245   0.076363
 2       2       7000  440.0   1.00    0.010   0.020061   0.027800  1.385772   0.020061   0.027800  1.385772   0.040122   0.055600
 2       -1       7000  445.0   1.00    0.010   0.016594   0.023032   1.387959   0.036384   0.050173   1.378965   0.052979   0.073205
 2       2       7000  445.0   1.00    0.010   0.019219   0.026619  1.385050   0.019219   0.026619  1.385050   0.038438   0.053238
 2       -1       7000  450.0   1.00    0.010   0.015882   0.022035   1.387450   0.034943   0.048168   1.378480   0.050824   0.070203
 2       2       7000  450.0   1.00    0.010   0.018419   0.025497  1.384258   0.018419   0.025497  1.384258   0.036838   0.050994
 2       -1       7000  455.0   1.00    0.010   0.015205   0.021088   1.386949   0.033570   0.046259   1.377977   0.048775   0.067348
 2       2       7000  455.0   1.00    0.010   0.017659   0.024431  1.383460   0.017659   0.024431  1.383460   0.035318   0.048861
 2       -1       7000  460.0   1.00    0.010   0.014562   0.020189   1.386417   0.032263   0.044441   1.377434   0.046826   0.064630
 2       2       7000  460.0   1.00    0.010   0.016936   0.023417  1.382679   0.016936   0.023417  1.382679   0.033873   0.046835
 2       -1       7000  465.0   1.00    0.010   0.013952   0.019335   1.385834   0.031017   0.042707   1.376888   0.044969   0.062043
 2       2       7000  465.0   1.00    0.010   0.016249   0.022453  1.381867   0.016249   0.022453  1.381867   0.032497   0.044907
 2       -1       7000  470.0   1.00    0.010   0.013372   0.018523   1.385281   0.029829   0.041055   1.376343   0.043201   0.059579
 2       2       7000  470.0   1.00    0.010   0.015594   0.021536  1.381055   0.015594   0.021536  1.381055   0.031188   0.043073
 2       -1       7000  475.0   1.00    0.010   0.012820   0.017752   1.384704   0.028696   0.039480   1.375800   0.041515   0.057231
 2       2       7000  475.0   1.00    0.010   0.014971   0.020664  1.380231   0.014971   0.020664  1.380231   0.029942   0.041327
 2       -1       7000  480.0   1.00    0.010   0.012295   0.017017   1.384128   0.027614   0.037976   1.375226   0.039909   0.054993
 2       2       7000  480.0   1.00    0.010   0.014378   0.019833  1.379382   0.014378   0.019833  1.379382   0.028756   0.039665
 2       -1       7000  485.0   1.00    0.010   0.011795   0.016319   1.383569   0.026582   0.036541   1.374649   0.038377   0.052860
 2       2       7000  485.0   1.00    0.010   0.013813   0.019041  1.378522   0.013813   0.019041  1.378522   0.027625   0.038082
 2       -1       7000  490.0   1.00    0.010   0.011319   0.015654   1.382978   0.025596   0.035170   1.374045   0.036915   0.050824
 2       2       7000  490.0   1.00    0.010   0.013273   0.018286  1.377651   0.013273   0.018286  1.377651   0.026547   0.036572
 2       -1       7000  495.0   1.00    0.010   0.010865   0.015020   1.382371   0.024654   0.033861   1.373428   0.035520   0.048881
 2       2       7000  495.0   1.00    0.010   0.012759   0.017567  1.376767   0.012759   0.017567  1.376767   0.025519   0.035133
 2       -1       7000  500.0   1.00    0.010   0.010433   0.014416   1.381751   0.023754   0.032609   1.372786   0.034187   0.047025
 2       2       7000  500.0   1.00    0.010   0.012269   0.016880  1.375884   0.012269   0.016880  1.375884   0.024537   0.033760
 2       -1       7000  505.0   1.00    0.010   0.010021   0.013841   1.381125   0.022893   0.031412   1.372140   0.032914   0.045253
 2       2       7000  505.0   1.00    0.010   0.011800   0.016225  1.374977   0.011800   0.016225  1.374977   0.023601   0.032451
 2       -1       7000  510.0   1.00    0.010   0.009629   0.013292   1.380475   0.022069   0.030268   1.371472   0.031698   0.043560
 2       2       7000  510.0   1.00    0.010   0.011353   0.015600  1.374053   0.011353   0.015600  1.374053   0.022707   0.031200
 2       -1       7000  515.0   1.00    0.010   0.009254   0.012769   1.379834   0.021281   0.029172   1.370796   0.030535   0.041941
 2       2       7000  515.0   1.00    0.010   0.010926   0.015003  1.373137   0.010926   0.015003  1.373137   0.021853   0.030006
 2       -1       7000  520.0   1.00    0.010   0.008896   0.012269   1.379178   0.020526   0.028124   1.370124   0.029422   0.040393
 2       2       7000  520.0   1.00    0.010   0.010518   0.014433  1.372206   0.010518   0.014433  1.372206   0.021036   0.028866
 2       -1       7000  525.0   1.00    0.010   0.008554   0.011792   1.378524   0.019804   0.027120   1.369448   0.028358   0.038913
 2       2       7000  525.0   1.00    0.010   0.010128   0.013888  1.371266   0.010128   0.013888  1.371266   0.020256   0.027776
 2       -1       7000  530.0   1.00    0.010   0.008228   0.011337   1.377857   0.019112   0.026159   1.368775   0.027340   0.037497
 2       2       7000  530.0   1.00    0.010   0.009755   0.013367  1.370316   0.009755   0.013367  1.370316   0.019510   0.026734
 2       -1       7000  535.0   1.00    0.010   0.007916   0.010902   1.377176   0.018448   0.025238   1.368067   0.026365   0.036141
 2       2       7000  535.0   1.00    0.010   0.009398   0.012869  1.369353   0.009398   0.012869  1.369353   0.018796   0.025738
 2       -1       7000  540.0   1.00    0.010   0.007618   0.010487   1.376490   0.017812   0.024356   1.367357   0.025431   0.034842
 2       2       7000  540.0   1.00    0.010   0.009056   0.012393  1.368376   0.009056   0.012393  1.368376   0.018113   0.024785
 2       -1       7000  545.0   1.00    0.010   0.007333   0.010089   1.375803   0.017203   0.023510   1.366615   0.024536   0.033599
 2       2       7000  545.0   1.00    0.010   0.008729   0.011937  1.367395   0.008729   0.011937  1.367395   0.017459   0.023873
 2       -1       7000  550.0   1.00    0.010   0.007061   0.009710   1.375104   0.016618   0.022698   1.365875   0.023679   0.032407
 2       2       7000  550.0   1.00    0.010   0.008416   0.011500  1.366397   0.008416   0.011500  1.366397   0.016833   0.023000
 2       -1       7000  555.0   1.00    0.010   0.006800   0.009346   1.374406   0.016057   0.021919   1.365100   0.022857   0.031265
 2       2       7000  555.0   1.00    0.010   0.008116   0.011082  1.365391   0.008116   0.011082  1.365391   0.016233   0.022164
 2       -1       7000  560.0   1.00    0.010   0.006551   0.008999   1.373678   0.015518   0.021172   1.364343   0.022069   0.030170
 2       2       7000  560.0   1.00    0.010   0.007829   0.010682  1.364385   0.007829   0.010682  1.364385   0.015658   0.021364
 2       -1       7000  565.0   1.00    0.010   0.006312   0.008666   1.372949   0.015001   0.020454   1.363576   0.021313   0.029120
 2       2       7000  565.0   1.00    0.010   0.007554   0.010298  1.363383   0.007554   0.010298  1.363383   0.015107   0.020597
 2       -1       7000  570.0   1.00    0.010   0.006083   0.008347   1.372213   0.014504   0.019766   1.362805   0.020587   0.028113
 2       2       7000  570.0   1.00    0.010   0.007289   0.009931  1.362376   0.007289   0.009931  1.362376   0.014579   0.019862
 2       -1       7000  575.0   1.00    0.010   0.005864   0.008042   1.371478   0.014026   0.019104   1.362019   0.019890   0.027146
 2       2       7000  575.0   1.00    0.010   0.007036   0.009579  1.361357   0.007036   0.009579  1.361357   0.014072   0.019157
 2       -1       7000  580.0   1.00    0.010   0.005654   0.007750   1.370732   0.013567   0.018468   1.361241   0.019221   0.026218
 2       2       7000  580.0   1.00    0.010   0.006793   0.009241  1.360329   0.006793   0.009241  1.360329   0.013586   0.018481
 2       -1       7000  585.0   1.00    0.010   0.005453   0.007470   1.369985   0.013126   0.017857   1.360444   0.018579   0.025328
 2       2       7000  585.0   1.00    0.010   0.006560   0.008917  1.359300   0.006560   0.008917  1.359300   0.013119   0.017833
 2       -1       7000  590.0   1.00    0.010   0.005260   0.007202   1.369226   0.012702   0.017270   1.359630   0.017962   0.024472
 2       2       7000  590.0   1.00    0.010   0.006336   0.008605  1.358253   0.006336   0.008605  1.358253   0.012671   0.017211
 2       -1       7000  595.0   1.00    0.010   0.005075   0.006944   1.368480   0.012294   0.016706   1.358822   0.017369   0.023650
 2       2       7000  595.0   1.00    0.010   0.006121   0.008307  1.357196   0.006121   0.008307  1.357196   0.012241   0.016614
 2       -1       7000  600.0   1.00    0.010   0.004897   0.006698   1.367717   0.011902   0.016163   1.357999   0.016799   0.022860
 2       2       7000  600.0   1.00    0.010   0.005914   0.008020  1.356130   0.005914   0.008020  1.356130   0.011828   0.016041
 2       -1       7000  605.0   1.00    0.010   0.004727   0.006461   1.366941   0.011524   0.015640   1.357160   0.016251   0.022101
 2       2       7000  605.0   1.00    0.010   0.005716   0.007745  1.355076   0.005716   0.007745  1.355076   0.011431   0.015491
 2       -1       7000  610.0   1.00    0.010   0.004563   0.006234   1.366160   0.011160   0.015137   1.356314   0.015724   0.021371
 2       2       7000  610.0   1.00    0.010   0.005525   0.007481  1.354018   0.005525   0.007481  1.354018   0.011050   0.014962
 2       -1       7000  615.0   1.00    0.010   0.004406   0.006016   1.365384   0.010810   0.014653   1.355460   0.015217   0.020669
 2       2       7000  615.0   1.00    0.010   0.005342   0.007227  1.352941   0.005342   0.007227  1.352941   0.010684   0.014454
 2       -1       7000  620.0   1.00    0.010   0.004255   0.005807   1.364577   0.010473   0.014187   1.354613   0.014729   0.019994
 2       2       7000  620.0   1.00    0.010   0.005166   0.006983  1.351878   0.005166   0.006983  1.351878   0.010331   0.013966
 2       -1       7000  625.0   1.00    0.010   0.004111   0.005606   1.363786   0.010148   0.013738   1.353754   0.014259   0.019344
 2       2       7000  625.0   1.00    0.010   0.004996   0.006749  1.350792   0.004996   0.006749  1.350792   0.009992   0.013497
 2       -1       7000  630.0   1.00    0.010   0.003971   0.005413   1.362988   0.009835   0.013306   1.352890   0.013807   0.018719
 2       2       7000  630.0   1.00    0.010   0.004833   0.006523  1.349705   0.004833   0.006523  1.349705   0.009666   0.013046
 2       -1       7000  635.0   1.00    0.010   0.003838   0.005227   1.362184   0.009534   0.012890   1.352024   0.013371   0.018117
 2       2       7000  635.0   1.00    0.010   0.004676   0.006306  1.348617   0.004676   0.006306  1.348617   0.009352   0.012612
 2       -1       7000  640.0   1.00    0.010   0.003709   0.005049   1.361375   0.009243   0.012488   1.351146   0.012952   0.017537
 2       2       7000  640.0   1.00    0.010   0.004525   0.006097  1.347528   0.004525   0.006097  1.347528   0.009050   0.012195
 2       -1       7000  645.0   1.00    0.010   0.003585   0.004878   1.360576   0.008962   0.012101   1.350266   0.012547   0.016979
 2       2       7000  645.0   1.00    0.010   0.004380   0.005897  1.346415   0.004380   0.005897  1.346415   0.008759   0.011793
 2       -1       7000  650.0   1.00    0.010   0.003466   0.004714   1.359756   0.008692   0.011728   1.349374   0.012158   0.016442
 2       2       7000  650.0   1.00    0.010   0.004240   0.005704  1.345320   0.004240   0.005704  1.345320   0.008479   0.011407
 2       -1       7000  655.0   1.00    0.010   0.003352   0.004555   1.358920   0.008431   0.011368   1.348480   0.011783   0.015924
 2       2       7000  655.0   1.00    0.010   0.004105   0.005518  1.344216   0.004105   0.005518  1.344216   0.008209   0.011035
 2       -1       7000  660.0   1.00    0.010   0.003242   0.004403   1.358100   0.008179   0.011021   1.347578   0.011421   0.015424
 2       2       7000  660.0   1.00    0.010   0.003975   0.005339  1.343120   0.003975   0.005339  1.343120   0.007949   0.010677
 2       -1       7000  665.0   1.00    0.010   0.003136   0.004257   1.357262   0.007936   0.010687   1.346673   0.011072   0.014943
 2       2       7000  665.0   1.00    0.010   0.003850   0.005166  1.342000   0.003850   0.005166  1.342000   0.007699   0.010332
 2       -1       7000  670.0   1.00    0.010   0.003034   0.004116   1.356411   0.007701   0.010364   1.345767   0.010735   0.014479
 2       2       7000  670.0   1.00    0.010   0.003729   0.005000  1.340875   0.003729   0.005000  1.340875   0.007458   0.010000
 2       -1       7000  675.0   1.00    0.010   0.002936   0.003980   1.355574   0.007474   0.010052   1.344845   0.010410   0.014032
 2       2       7000  675.0   1.00    0.010   0.003613   0.004840  1.339766   0.003613   0.004840  1.339766   0.007225   0.009680
 2       -1       7000  680.0   1.00    0.010   0.002841   0.003849   1.354735   0.007256   0.009751   1.343932   0.010097   0.013601
 2       2       7000  680.0   1.00    0.010   0.003500   0.004686  1.338642   0.003500   0.004686  1.338642   0.007001   0.009372
 2       -1       7000  685.0   1.00    0.010   0.002750   0.003724   1.353878   0.007044   0.009460   1.343009   0.009795   0.013184
 2       2       7000  685.0   1.00    0.010   0.003392   0.004537  1.337514   0.003392   0.004537  1.337514   0.006785   0.009075
 2       -1       7000  690.0   1.00    0.010   0.002663   0.003603   1.353036   0.006840   0.009180   1.342082   0.009503   0.012783
 2       2       7000  690.0   1.00    0.010   0.003288   0.004394  1.336385   0.003288   0.004394  1.336385   0.006576   0.008788
 2       -1       7000  695.0   1.00    0.010   0.002578   0.003486   1.352188   0.006643   0.008909   1.341150   0.009221   0.012395
 2       2       7000  695.0   1.00    0.010   0.003187   0.004256  1.335254   0.003187   0.004256  1.335254   0.006375   0.008512
 2       -1       7000  700.0   1.00    0.010   0.002497   0.003374   1.351326   0.006452   0.008647   1.340212   0.008948   0.012021
 2       2       7000  700.0   1.00    0.010   0.003090   0.004123  1.334116   0.003090   0.004123  1.334116   0.006180   0.008245
 2       -1       7000  705.0   1.00    0.010   0.002418   0.003266   1.350459   0.006267   0.008394   1.339273   0.008685   0.011659
 2       2       7000  705.0   1.00    0.010   0.002996   0.003994  1.332983   0.002996   0.003994  1.332983   0.005993   0.007988
 2       -1       7000  710.0   1.00    0.010   0.002342   0.003161   1.349597   0.006089   0.008149   1.338329   0.008431   0.011310
 2       2       7000  710.0   1.00    0.010   0.002906   0.003870  1.331851   0.002906   0.003870  1.331851   0.005812   0.007740
 2       -1       7000  715.0   1.00    0.010   0.002269   0.003061   1.348727   0.005916   0.007913   1.337384   0.008186   0.010973
 2       2       7000  715.0   1.00    0.010   0.002818   0.003751  1.330723   0.002818   0.003751  1.330723   0.005637   0.007501
 2       -1       7000  720.0   1.00    0.010   0.002199   0.002964   1.347852   0.005750   0.007684   1.336432   0.007949   0.010648
 2       2       7000  720.0   1.00    0.010   0.002734   0.003635  1.329583   0.002734   0.003635  1.329583   0.005468   0.007270
 2       -1       7000  725.0   1.00    0.010   0.002131   0.002870   1.346971   0.005588   0.007463   1.335476   0.007719   0.010333
 2       2       7000  725.0   1.00    0.010   0.002653   0.003524  1.328440   0.002653   0.003524  1.328440   0.005305   0.007048
 2       -1       7000  730.0   1.00    0.010   0.002065   0.002780   1.346096   0.005432   0.007249   1.334519   0.007497   0.010029
 2       2       7000  730.0   1.00    0.010   0.002574   0.003416  1.327296   0.002574   0.003416  1.327296   0.005148   0.006832
 2       -1       7000  735.0   1.00    0.010   0.002002   0.002693   1.345209   0.005281   0.007042   1.333555   0.007283   0.009736
 2       2       7000  735.0   1.00    0.010   0.002498   0.003312  1.326155   0.002498   0.003312  1.326155   0.004995   0.006625
 2       -1       7000  740.0   1.00    0.010   0.001941   0.002609   1.344319   0.005135   0.006842   1.332589   0.007076   0.009452
 2       2       7000  740.0   1.00    0.010   0.002424   0.003212  1.325007   0.002424   0.003212  1.325007   0.004848   0.006424
 2       -1       7000  745.0   1.00    0.010   0.001882   0.002528   1.343431   0.004993   0.006649   1.331617   0.006875   0.009177
 2       2       7000  745.0   1.00    0.010   0.002353   0.003115  1.323855   0.002353   0.003115  1.323855   0.004706   0.006230
 2       -1       7000  750.0   1.00    0.010   0.001825   0.002450   1.342541   0.004856   0.006461   1.330652   0.006681   0.008912
 2       2       7000  750.0   1.00    0.010   0.002284   0.003022  1.322702   0.002284   0.003022  1.322702   0.004569   0.006043
 2       -1       7000  755.0   1.00    0.010   0.001770   0.002375   1.341649   0.004723   0.006280   1.329681   0.006493   0.008655
 2       2       7000  755.0   1.00    0.010   0.002218   0.002931  1.321553   0.002218   0.002931  1.321553   0.004436   0.005862
 2       -1       7000  760.0   1.00    0.010   0.001717   0.002302   1.340750   0.004594   0.006104   1.328702   0.006311   0.008406
 2       2       7000  760.0   1.00    0.010   0.002154   0.002844  1.320406   0.002154   0.002844  1.320406   0.004307   0.005687
 2       -1       7000  765.0   1.00    0.010   0.001666   0.002232   1.339853   0.004469   0.005934   1.327731   0.006135   0.008166
 2       2       7000  765.0   1.00    0.010   0.002091   0.002759  1.319252   0.002091   0.002759  1.319252   0.004183   0.005518
 2       -1       7000  770.0   1.00    0.010   0.001616   0.002164   1.338954   0.004349   0.005770   1.326752   0.005965   0.007934
 2       2       7000  770.0   1.00    0.010   0.002031   0.002677  1.318097   0.002031   0.002677  1.318097   0.004063   0.005355
 2       -1       7000  775.0   1.00    0.010   0.001568   0.002098   1.338058   0.004232   0.005610   1.325775   0.005800   0.007708
 2       2       7000  775.0   1.00    0.010   0.001973   0.002599  1.316940   0.001973   0.002599  1.316940   0.003946   0.005197
 2       -1       7000  780.0   1.00    0.010   0.001522   0.002035   1.337150   0.004118   0.005456   1.324778   0.005640   0.007491
 2       2       7000  780.0   1.00    0.010   0.001917   0.002522  1.315790   0.001917   0.002522  1.315790   0.003834   0.005044
 2       -1       7000  785.0   1.00    0.010   0.001477   0.001974   1.336242   0.004008   0.005306   1.323790   0.005485   0.007280
 2       2       7000  785.0   1.00    0.010   0.001862   0.002448  1.314628   0.001862   0.002448  1.314628   0.003725   0.004897
 2       -1       7000  790.0   1.00    0.010   0.001434   0.001915   1.335338   0.003901   0.005161   1.322799   0.005335   0.007075
 2       2       7000  790.0   1.00    0.010   0.001810   0.002377  1.313470   0.001810   0.002377  1.313470   0.003619   0.004754
 2       -1       7000  795.0   1.00    0.010   0.001392   0.001857   1.334424   0.003798   0.005020   1.321803   0.005190   0.006878
 2       2       7000  795.0   1.00    0.010   0.001758   0.002308  1.312317   0.001758   0.002308  1.312317   0.003517   0.004615
 2       -1       7000  800.0   1.00    0.010   0.001351   0.001802   1.333508   0.003698   0.004884   1.320810   0.005049   0.006686
 2       2       7000  800.0   1.00    0.010   0.001709   0.002241  1.311159   0.001709   0.002241  1.311159   0.003418   0.004482
 2       -1       7000  805.0   1.00    0.010   0.001312   0.001749   1.332593   0.003600   0.004752   1.319812   0.004913   0.006501
 2       2       7000  805.0   1.00    0.010   0.001661   0.002176  1.309996   0.001661   0.002176  1.309996   0.003322   0.004352
 2       -1       7000  810.0   1.00    0.010   0.001274   0.001697   1.331673   0.003506   0.004624   1.318823   0.004781   0.006321
 2       2       7000  810.0   1.00    0.010   0.001615   0.002113  1.308841   0.001615   0.002113  1.308841   0.003230   0.004227
 2       -1       7000  815.0   1.00    0.010   0.001238   0.001647   1.330749   0.003415   0.004500   1.317824   0.004652   0.006147
 2       2       7000  815.0   1.00    0.010   0.001570   0.002053  1.307685   0.001570   0.002053  1.307685   0.003140   0.004106
 2       -1       7000  820.0   1.00    0.010   0.001202   0.001599   1.329824   0.003326   0.004379   1.316825   0.004528   0.005978
 2       2       7000  820.0   1.00    0.010   0.001526   0.001994  1.306519   0.001526   0.001994  1.306519   0.003053   0.003988
 2       -1       7000  825.0   1.00    0.010   0.001168   0.001552   1.328908   0.003239   0.004263   1.315825   0.004407   0.005815
 2       2       7000  825.0   1.00    0.010   0.001484   0.001937  1.305364   0.001484   0.001937  1.305364   0.002968   0.003875
 2       -1       7000  830.0   1.00    0.010   0.001135   0.001507   1.327982   0.003156   0.004149   1.314822   0.004290   0.005656
 2       2       7000  830.0   1.00    0.010   0.001443   0.001882  1.304205   0.001443   0.001882  1.304205   0.002886   0.003765
 2       -1       7000  835.0   1.00    0.010   0.001103   0.001463   1.327055   0.003074   0.004039   1.313819   0.004177   0.005502
 2       2       7000  835.0   1.00    0.010   0.001404   0.001829  1.303047   0.001404   0.001829  1.303047   0.002807   0.003658
 2       -1       7000  840.0   1.00    0.010   0.001071   0.001421   1.326128   0.002996   0.003933   1.312812   0.004067   0.005353
 2       2       7000  840.0   1.00    0.010   0.001365   0.001777  1.301885   0.001365   0.001777  1.301885   0.002730   0.003555
 2       -1       7000  845.0   1.00    0.010   0.001041   0.001380   1.325202   0.002919   0.003829   1.311801   0.003960   0.005209
 2       2       7000  845.0   1.00    0.010   0.001328   0.001727  1.300730   0.001328   0.001727  1.300730   0.002656   0.003455
 2       -1       7000  850.0   1.00    0.010   0.001012   0.001340   1.324271   0.002845   0.003729   1.310792   0.003857   0.005069
 2       2       7000  850.0   1.00    0.010   0.001292   0.001679  1.299571   0.001292   0.001679  1.299571   0.002584   0.003358
 2       -1       7000  855.0   1.00    0.010   0.000984   0.001302   1.323338   0.002772   0.003631   1.309784   0.003756   0.004933
 2       2       7000  855.0   1.00    0.010   0.001257   0.001632  1.298414   0.001257   0.001632  1.298414   0.002514   0.003264
 2       -1       7000  860.0   1.00    0.010   0.000956   0.001265   1.322410   0.002702   0.003536   1.308775   0.003658   0.004801
 2       2       7000  860.0   1.00    0.010   0.001223   0.001586  1.297257   0.001223   0.001586  1.297257   0.002446   0.003173
 2       -1       7000  865.0   1.00    0.010   0.000930   0.001229   1.321475   0.002634   0.003444   1.307762   0.003564   0.004673
 2       2       7000  865.0   1.00    0.010   0.001190   0.001542  1.296100   0.001190   0.001542  1.296100   0.002380   0.003085
 2       -1       7000  870.0   1.00    0.010   0.000904   0.001194   1.320540   0.002568   0.003355   1.306754   0.003472   0.004549
 2       2       7000  870.0   1.00    0.010   0.001158   0.001500  1.294945   0.001158   0.001500  1.294945   0.002316   0.002999
 2       -1       7000  875.0   1.00    0.010   0.000879   0.001160   1.319604   0.002503   0.003269   1.305736   0.003382   0.004429
 2       2       7000  875.0   1.00    0.010   0.001127   0.001458  1.293790   0.001127   0.001458  1.293790   0.002254   0.002916
 2       -1       7000  880.0   1.00    0.010   0.000855   0.001127   1.318670   0.002441   0.003184   1.304724   0.003296   0.004312
 2       2       7000  880.0   1.00    0.010   0.001097   0.001418  1.292635   0.001097   0.001418  1.292635   0.002194   0.002836
 2       -1       7000  885.0   1.00    0.010   0.000831   0.001096   1.317729   0.002380   0.003103   1.303708   0.003211   0.004198
 2       2       7000  885.0   1.00    0.010   0.001068   0.001379  1.291474   0.001068   0.001379  1.291474   0.002135   0.002758
 2       -1       7000  890.0   1.00    0.010   0.000809   0.001065   1.316790   0.002321   0.003023   1.302689   0.003129   0.004088
 2       2       7000  890.0   1.00    0.010   0.001039   0.001341  1.290315   0.001039   0.001341  1.290315   0.002079   0.002682
 2       -1       7000  895.0   1.00    0.010   0.000787   0.001035   1.315846   0.002263   0.002946   1.301672   0.003050   0.003981
 2       2       7000  895.0   1.00    0.010   0.001012   0.001304  1.289160   0.001012   0.001304  1.289160   0.002024   0.002609
 2       -1       7000  900.0   1.00    0.010   0.000765   0.001006   1.314910   0.002207   0.002871   1.300653   0.002973   0.003877
 2       2       7000  900.0   1.00    0.010   0.000985   0.001269  1.288010   0.000985   0.001269  1.288010   0.001970   0.002538
 2       -1       7000  905.0   1.00    0.010   0.000745   0.000978   1.313967   0.002153   0.002798   1.299639   0.002898   0.003776
 2       2       7000  905.0   1.00    0.010   0.000959   0.001234  1.286853   0.000959   0.001234  1.286853   0.001918   0.002469
 2       -1       7000  910.0   1.00    0.010   0.000725   0.000951   1.313024   0.002100   0.002727   1.298624   0.002825   0.003679
 2       2       7000  910.0   1.00    0.010   0.000934   0.001201  1.285700   0.000934   0.001201  1.285700   0.001868   0.002402
 2       -1       7000  915.0   1.00    0.010   0.000705   0.000925   1.312081   0.002049   0.002658   1.297604   0.002754   0.003583
 2       2       7000  915.0   1.00    0.010   0.000910   0.001168  1.284551   0.000910   0.001168  1.284551   0.001819   0.002337
 2       -1       7000  920.0   1.00    0.010   0.000686   0.000900   1.311146   0.001999   0.002591   1.296585   0.002685   0.003491
 2       2       7000  920.0   1.00    0.010   0.000886   0.001137  1.283409   0.000886   0.001137  1.283409   0.001772   0.002274
 2       -1       7000  925.0   1.00    0.010   0.000668   0.000875   1.310203   0.001950   0.002526   1.295565   0.002618   0.003401
 2       2       7000  925.0   1.00    0.010   0.000863   0.001106  1.282259   0.000863   0.001106  1.282259   0.001726   0.002213
 2       -1       7000  930.0   1.00    0.010   0.000650   0.000851   1.309261   0.001903   0.002463   1.294550   0.002553   0.003314
 2       2       7000  930.0   1.00    0.010   0.000840   0.001077  1.281111   0.000840   0.001077  1.281111   0.001681   0.002153
 2       -1       7000  935.0   1.00    0.010   0.000633   0.000828   1.308317   0.001857   0.002402   1.293532   0.002489   0.003229
 2       2       7000  935.0   1.00    0.010   0.000819   0.001048  1.279962   0.000819   0.001048  1.279962   0.001637   0.002096
 2       -1       7000  940.0   1.00    0.010   0.000616   0.000805   1.307370   0.001812   0.002342   1.292513   0.002428   0.003147
 2       2       7000  940.0   1.00    0.010   0.000798   0.001020  1.278816   0.000798   0.001020  1.278816   0.001595   0.002040
 2       -1       7000  945.0   1.00    0.010   0.000600   0.000783   1.306430   0.001768   0.002284   1.291494   0.002368   0.003067
 2       2       7000  945.0   1.00    0.010   0.000777   0.000993  1.277670   0.000777   0.000993  1.277670   0.001554   0.001985
 2       -1       7000  950.0   1.00    0.010   0.000584   0.000762   1.305481   0.001726   0.002227   1.290471   0.002310   0.002989
 2       2       7000  950.0   1.00    0.010   0.000757   0.000966  1.276525   0.000757   0.000966  1.276525   0.001514   0.001933
 2       -1       7000  955.0   1.00    0.010   0.000569   0.000742   1.304540   0.001684   0.002172   1.289453   0.002253   0.002914
 2       2       7000  955.0   1.00    0.010   0.000738   0.000941  1.275384   0.000738   0.000941  1.275384   0.001475   0.001882
 2       -1       7000  960.0   1.00    0.010   0.000554   0.000722   1.303594   0.001644   0.002118   1.288433   0.002198   0.002840
 2       2       7000  960.0   1.00    0.010   0.000719   0.000916  1.274242   0.000719   0.000916  1.274242   0.001438   0.001832
 2       -1       7000  965.0   1.00    0.010   0.000539   0.000702   1.302646   0.001605   0.002066   1.287415   0.002144   0.002769
 2       2       7000  965.0   1.00    0.010   0.000700   0.000892  1.273098   0.000700   0.000892  1.273098   0.001401   0.001784
 2       -1       7000  970.0   1.00    0.010   0.000525   0.000684   1.301710   0.001567   0.002016   1.286399   0.002092   0.002699
 2       2       7000  970.0   1.00    0.010   0.000683   0.000868  1.271962   0.000683   0.000868  1.271962   0.001365   0.001737
 2       -1       7000  975.0   1.00    0.010   0.000511   0.000665   1.300764   0.001530   0.001966   1.285379   0.002041   0.002632
 2       2       7000  975.0   1.00    0.010   0.000665   0.000845  1.270826   0.000665   0.000845  1.270826   0.001331   0.001691
 2       -1       7000  980.0   1.00    0.010   0.000498   0.000648   1.299815   0.001494   0.001918   1.284358   0.001992   0.002566
 2       2       7000  980.0   1.00    0.010   0.000648   0.000823  1.269690   0.000648   0.000823  1.269690   0.001297   0.001647
 2       -1       7000  985.0   1.00    0.010   0.000485   0.000630   1.298873   0.001458   0.001872   1.283338   0.001944   0.002502
 2       2       7000  985.0   1.00    0.010   0.000632   0.000802  1.268555   0.000632   0.000802  1.268555   0.001264   0.001604
 2       -1       7000  990.0   1.00    0.010   0.000473   0.000614   1.297932   0.001424   0.001826   1.282323   0.001897   0.002440
 2       2       7000  990.0   1.00    0.010   0.000616   0.000781  1.267420   0.000616   0.000781  1.267420   0.001232   0.001562
 2       -1       7000  995.0   1.00    0.010   0.000461   0.000598   1.296990   0.001391   0.001782   1.281303   0.001851   0.002379
 2       2       7000  995.0   1.00    0.010   0.000601   0.000761  1.266287   0.000601   0.000761  1.266287   0.001201   0.001521
 2       -1       7000 1000.0   1.00    0.010   0.000449   0.000582   1.296044   0.001358   0.001739   1.280287   0.001807   0.002321
 2       2       7000 1000.0   1.00    0.010   0.000586   0.000741  1.265161   0.000586   0.000741  1.265161   0.001171   0.001482
 2       -1       7000 1005.0   1.00    0.010   0.000437   0.000566   1.295102   0.001326   0.001697   1.279268   0.001764   0.002263
 2       2       7000 1005.0   1.00    0.010   0.000571   0.000722  1.264033   0.000571   0.000722  1.264033   0.001142   0.001443
 2       -1       7000 1010.0   1.00    0.010   0.000426   0.000552   1.294160   0.001296   0.001656   1.278250   0.001722   0.002208
 2       2       7000 1010.0   1.00    0.010   0.000557   0.000703  1.262906   0.000557   0.000703  1.262906   0.001113   0.001406
 2       -1       7000 1015.0   1.00    0.010   0.000415   0.000537   1.293220   0.001265   0.001616   1.277233   0.001681   0.002153
 2       2       7000 1015.0   1.00    0.010   0.000543   0.000685  1.261778   0.000543   0.000685  1.261778   0.001086   0.001370
 2       -1       7000 1020.0   1.00    0.010   0.000405   0.000523   1.292282   0.001236   0.001577   1.276216   0.001641   0.002101
 2       2       7000 1020.0   1.00    0.010   0.000529   0.000667  1.260649   0.000529   0.000667  1.260649   0.001059   0.001335
 2       -1       7000 1025.0   1.00    0.010   0.000395   0.000510   1.291344   0.001207   0.001540   1.275197   0.001602   0.002049
 2       2       7000 1025.0   1.00    0.010   0.000516   0.000650  1.259530   0.000516   0.000650  1.259530   0.001032   0.001300
 2       -1       7000 1030.0   1.00    0.010   0.000385   0.000496   1.290400   0.001180   0.001503   1.274176   0.001564   0.001999
 2       2       7000 1030.0   1.00    0.010   0.000503   0.000633  1.258409   0.000503   0.000633  1.258409   0.001007   0.001267
 2       -1       7000 1035.0   1.00    0.010   0.000375   0.000484   1.289461   0.001152   0.001467   1.273163   0.001527   0.001951
 2       2       7000 1035.0   1.00    0.010   0.000491   0.000617  1.257289   0.000491   0.000617  1.257289   0.000982   0.001235
 2       -1       7000 1040.0   1.00    0.010   0.000366   0.000471   1.288522   0.001126   0.001432   1.272146   0.001492   0.001903
 2       2       7000 1040.0   1.00    0.010   0.000479   0.000602  1.256166   0.000479   0.000602  1.256166   0.000958   0.001203
 2       -1       7000 1045.0   1.00    0.010   0.000356   0.000459   1.287583   0.001100   0.001398   1.271133   0.001457   0.001857
 2       2       7000 1045.0   1.00    0.010   0.000467   0.000586  1.255049   0.000467   0.000586  1.255049   0.000934   0.001172
 2       -1       7000 1050.0   1.00    0.010   0.000348   0.000447   1.286644   0.001075   0.001365   1.270121   0.001422   0.001812
 2       2       7000 1050.0   1.00    0.010   0.000456   0.000571  1.253932   0.000456   0.000571  1.253932   0.000911   0.001143
 2       -1       7000 1055.0   1.00    0.010   0.000339   0.000436   1.285701   0.001050   0.001333   1.269107   0.001389   0.001769
 2       2       7000 1055.0   1.00    0.010   0.000444   0.000557  1.252823   0.000444   0.000557  1.252823   0.000889   0.001114
 2       -1       7000 1060.0   1.00    0.010   0.000330   0.000425   1.284768   0.001026   0.001302   1.268095   0.001357   0.001726
 2       2       7000 1060.0   1.00    0.010   0.000434   0.000543  1.251711   0.000434   0.000543  1.251711   0.000867   0.001085
 2       -1       7000 1065.0   1.00    0.010   0.000322   0.000414   1.283835   0.001003   0.001271   1.267085   0.001325   0.001685
 2       2       7000 1065.0   1.00    0.010   0.000423   0.000529  1.250607   0.000423   0.000529  1.250607   0.000846   0.001058
 2       -1       7000 1070.0   1.00    0.010   0.000314   0.000403   1.282902   0.000980   0.001241   1.266076   0.001295   0.001644
 2       2       7000 1070.0   1.00    0.010   0.000413   0.000516  1.249498   0.000413   0.000516  1.249498   0.000825   0.001031
 2       -1       7000 1075.0   1.00    0.010   0.000307   0.000393   1.281973   0.000958   0.001212   1.265068   0.001265   0.001605
 2       2       7000 1075.0   1.00    0.010   0.000403   0.000503  1.248394   0.000403   0.000503  1.248394   0.000805   0.001005
 2       -1       7000 1080.0   1.00    0.010   0.000299   0.000383   1.281039   0.000936   0.001184   1.264057   0.001235   0.001567
 2       2       7000 1080.0   1.00    0.010   0.000393   0.000490  1.247288   0.000393   0.000490  1.247288   0.000786   0.000980
 2       -1       7000 1085.0   1.00    0.010   0.000292   0.000373   1.280115   0.000915   0.001156   1.263048   0.001207   0.001529
 2       2       7000 1085.0   1.00    0.010   0.000383   0.000478  1.246186   0.000383   0.000478  1.246186   0.000767   0.000955
 2       -1       7000 1090.0   1.00    0.010   0.000284   0.000364   1.279184   0.000895   0.001129   1.262038   0.001179   0.001493
 2       2       7000 1090.0   1.00    0.010   0.000374   0.000466  1.245082   0.000374   0.000466  1.245082   0.000748   0.000931
 2       -1       7000 1095.0   1.00    0.010   0.000278   0.000355   1.278253   0.000875   0.001103   1.261032   0.001152   0.001458
 2       2       7000 1095.0   1.00    0.010   0.000365   0.000454  1.243980   0.000365   0.000454  1.243980   0.000730   0.000908
 2       -1       7000 1100.0   1.00    0.010   0.000271   0.000346   1.277329   0.000855   0.001077   1.260023   0.001126   0.001423
 2       2       7000 1100.0   1.00    0.010   0.000356   0.000443  1.242885   0.000356   0.000443  1.242885   0.000712   0.000886
